1894 5.4 81
1897 4.9 169.5
1898 3.56 15.53
1899 4.23 23.67
1900 5.12 20.6
1901 4.95 17
1902 4.13 26.67
1903 4.5 15
1904 4.72 54
1905 4.02 16.22
1906 3.99 46.2
1907 4.86 11.54
1908 4.52 11.38
1909 4.42 10.27
1910 4.88 16.34
1911 4.74 66.57
1912 5.52 51.75
1913 5.56 129.33
1914 5.85 122.31
1915 5.94 193.84
1916 5.89 127.48
1917 5.86 63.72
1918 5.97 99.26
1919 5.95 165.38
1920 5.83 318.46
1921 5.99 511.3
1922 5.94 543.05
1923 6.07 239.26
1924 6.18 418.23
1925 6.11 629.29
1926 6.2 350.04
1927 6.13 768.21
1928 6.39 413.67
1929 6.19 266.26
1930 6.02 345.75
1931 6.16 900.65
1932 6.18 486.44
1933 6.2 527.2
1934 6.1 406.12
1935 6.09 396.71
1936 6.15 537.72
1937 6.22 488.24
1938 6.24 416.37
1939 6.28 1248.79
1940 6.31 1140.71
1941 6.29 1142.93
1942 6.23 1127.95
1943 6.28 429.26
1944 6.23 836.01
1945 6.3 703.78
1946 6.41 1345.05
1947 6.42 585.39
1948 6.43 1008.27
1949 6.39 698.89
1950 6.21 1032.74
1951 6.32 912.32
1952 6.26 767.84
1953 6.21 952.3
1954 6.2 1457.04
1955 6.28 975.77
1956 6.22 779.71
1957 6.22 1474.41
1958 6.23 881.27
1959 6.19 1254.63
1960 6.22 1331.13
1961 6.23 927.47
1962 6.25 1248.85
1963 6.26 1116
1964 6.21 1252.92
1965 6.19 890.74
1966 6.21 1178.72
1967 6.18 1117.81
1968 6.18 1287
1969 6.05 731.34
1970 5.99 659.38
1971 5.9 1271.93
1972 5.97 1477.82
1973 5.94 1297.77
1974 5.97 1470.08
1975 5.95 1788.74
1976 5.98 1461.12
1977 6.05 1579.39
1978 6.07 1246.75
1979 6.08 1881.59
1980 6.05 2306.1
1981 6.1 1714.78
1982 6.02 2036.11
1983 6.1 1874.62
1984 6.07 2559.04
1985 6.1 2344.8
1986 6.01 2414.11
1987 5.99 2671.76
1988 5.97 2807.74
1989 5.98 2782.29
1990 5.99 3324.33
1991 6.06 3084.62
1992 6.06 3447.07
1993 6.03 4341.18
1994 6.02 6347.83
1995 5.94 5920.21
1996 6.09 4167.83
1997 6.08 5665.38
1998 6.04 5650.36
1999 6.02 6742.77
2000 6.04 5834.22
2001 6.1 6459.55
2002 6.15 6219.04
2003 6.13 6150.16
2004 6.22 6692.18
2005 6.22 5437.56
2006 6.18 5587.73
2007 6.22 5699.68
2008 6.2 5317.01
2009 6.21 4543.46
2010 6.23 4542.52
2011 6.27 4485.68
2012 6.27 4317.2
2013 6.25 4525.57
2014 6.28 4171.37
2015 6.23 3139.57
2016 6.3 3130.77
2017 6.34 2624.37
2018 6.25 2326.22
2019 6.47 1665.86
