1874 7 1021
1878 7.4 2078
1881 5.3 146
1883 6.4 595
1885 5.3 104
1887 4.69 51.84
1888 6.2 1785.2
1889 5.35 219
1890 5.22 561
1891 4.92 430.1
1892 5.37 294.44
1893 4.93 687
1894 4.9 224.08
1895 4.94 278.97
1896 4.83 97.98
1897 4.64 50.2
1898 4.76 79.42
1899 5.08 81.11
1900 5.26 96.25
1901 5.33 113.5
1902 5.34 262.78
1903 5.15 176.25
1904 5.22 82.1
1905 5.36 88.83
1906 5.4 94.29
1907 5.63 87.22
1908 5.57 64.51
1909 5.32 62.73
1910 5.4 57.39
1911 5.44 38.67
1912 5.36 55.48
1913 5.5 46.71
1914 5.7 211.67
1915 5.67 133.99
1916 5.72 178.06
1917 5.78 189.7
1918 5.81 186.76
1919 5.81 135.43
1920 5.89 199.8
1921 6.14 258.64
1922 6.03 216.89
1923 6.06 88.87
1924 6.14 90.01
1925 5.97 53.14
1926 5.9 63.29
1927 6.1 67.14
1928 6.01 135.23
1929 5.97 292.33
1930 5.72 110.12
1931 5.8 100.16
1932 5.9 129.63
1933 5.96 159.75
1934 5.95 103.6
1935 6.07 129.62
1936 6.16 137.3
1937 6.19 122.3
1938 6.09 125.89
1939 6.15 106.58
1940 6.09 109.62
1941 6.06 122.24
1942 6.26 177.03
1943 6.2 184
1944 6.14 148.19
1945 6.21 133.62
1946 6.3 179.47
1947 6.32 171.98
1948 6.42 158.34
1949 6.21 218.21
1950 6.16 175
1951 6.19 164.37
1952 6.28 179.6
1953 6.28 194.44
1954 6.35 137.33
1955 6.36 134.68
1956 6.44 219.28
1957 6.33 164.32
1958 6.44 121.7
1959 6.31 108.22
1960 6.24 65.29
1961 6.34 104.62
1962 6.19 185.14
1963 6.31 124.48
1964 6.27 77.97
1965 6.27 113.14
1966 6.28 96.04
1967 6.36 91.46
1968 6.44 114.72
1969 6.28 89.48
1970 6.23 75.13
1971 6.32 68.08
1972 6.41 59.79
1973 6.36 51.39
1974 6.42 71.43
1975 6.47 71.49
1976 6.47 64.49
1977 6.65 60.35
1978 6.4 70.15
1979 6.55 67.21
1980 6.51 72.24
1981 6.63 53.56
1982 6.81 151.48
1983 6.64 127.42
1984 6.65 125.87
1985 6.57 71.51
1986 6.57 134.31
1987 6.62 106.59
1988 6.64 104.64
1989 6.63 271.05
1990 6.45 63.99
1991 6.76 89.59
1992 6.75 74.02
1993 6.62 183.17
1994 6.67 65.68
1995 6.66 134.65
1996 6.57 46.78
1997 6.62 93.87
1998 6.68 52.38
1999 6.63 60.63
2000 6.78 73.03
2001 6.71 60.54
2002 6.77 54.25
2003 6.81 71.45
2004 6.96 41.07
2005 6.98 41.91
2006 6.97 40.14
2007 6.97 45.17
2008 6.99 48.89
2009 7.02 33.53
2010 7.03 38.89
2011 7.07 38.2
2012 7.11 42.89
2013 6.99 36.95
2014 7.17 35.69
2015 7.21 44.41
2016 7.24 33.58
2017 7.35 38.89
2018 7.36 34.45
2019 7.66 34.33
