1946 7.2 5
1948 6.88 11.5
1949 6.83 29.59
1950 7.36 17.58
1951 7.28 28.82
1952 7.37 34.84
1953 7.59 24.84
1954 7.54 25.34
1955 7.5 35.64
1956 7.48 38.04
1957 7.47 34.73
1958 7.48 32.32
1959 7.52 49.72
1960 7.58 65.67
1961 7.52 56.26
1962 7.64 55.39
1963 7.49 62.55
1964 7.44 67.96
1965 7.24 45.55
1966 7.3 73.03
1967 7.13 81.6
1968 7.23 65.11
1969 7.29 49.65
1970 7.21 36.15
1971 7.16 43.06
1972 7.16 44.79
1973 7.16 49.64
1974 7.35 50.65
1975 7.31 55.21
1976 7.29 45.51
1977 7.38 44.8
1978 7.3 42.39
1979 7.14 43.13
1980 7.12 41.91
1981 7.17 37.29
1982 7.24 42.13
1983 7.18 43.86
1984 7.14 40.57
1985 7.19 46.11
1986 7.24 44.66
1987 7.34 58.91
1988 7.33 63.76
1989 7.25 87.69
1990 7.29 92
1991 7.38 107.56
1992 7.32 115.86
1993 7.36 124.01
1994 7.35 128.73
1995 7.35 132.81
1996 7.25 115.12
1997 7.17 124.76
1998 7.11 116.91
1999 7.2 128.16
2000 7.3 120.47
2001 7.37 129.55
2002 7.34 125.05
2003 7.37 110.58
2004 7.2 116.88
2005 7.19 141.64
2006 7.23 155.46
2007 7.23 152.66
2008 7.12 147.26
2009 7.33 166.15
2010 7.39 181.54
2011 7.39 188.75
2012 7.45 171.1
2013 7.43 212.06
2014 7.47 207.69
2015 7.48 213.78
2016 7.49 220.45
2017 7.52 216.12
2018 7.49 151.35
2019 7.6 223.86
