1936 7.9 28
1947 5.9 10
1948 6.4 11
1950 5.8 7
1951 6.47 25
1952 6.35 18
1953 6.6 9.5
1954 6.4 6.5
1955 6.83 154
1956 6.63 9
1957 6.75 7
1958 7.83 375.33
1959 7.01 9.86
1960 7.31 24.1
1961 8.06 10.8
1962 7.28 19.1
1963 7.66 19.33
1964 7.71 11.86
1965 7.4 32.82
1966 7.64 48.78
1967 7.97 51.47
1968 7.46 64.23
1969 7.77 44.94
1970 7.5 63.34
1971 7.77 139.26
1972 7.55 194.39
1973 7.65 517.02
1974 7.5 80.21
1975 7.45 250.73
1976 7.4 534.37
1977 7.34 744.6
1978 7.5 231.37
1979 7.37 309.49
1980 7.35 406.76
1981 7.26 351.05
1982 7.5 208.55
1983 7.42 496.3
1984 7.48 342.56
1985 7.4 747.36
1986 7.4 247.22
1987 7.44 283.73
1988 7.24 304.69
1989 7.36 581.6
1990 7.29 1545.86
1991 7 176.63
1992 7.12 188.17
1993 7.18 389.02
1994 7.02 662.24
1995 7.15 1243.35
1996 6.89 374.47
1997 7.03 460.99
1998 7.14 637
1999 6.94 551.34
2000 7.02 780.47
2001 7.01 2590.85
2002 6.75 673.84
2003 6.87 915.57
2004 6.73 674.08
2005 6.63 430.92
2006 6.73 1178.51
2007 6.91 475.13
2008 7.02 1229.73
2009 6.96 849.75
2010 7.15 1118.91
2011 7.18 1470.33
2012 7.22 410.57
2013 7.18 335.96
2014 7.31 533.35
2015 7.33 667.04
2016 7.11 770.59
2017 7.2 566.5
2018 7.26 714.07
2019 7.37 1930
