1928 8.9 11
1930 8.5 8
1936 6.4 7
1937 5 6
1938 6.25 16.75
1939 7.48 14
1943 5.7 19
1945 8.4 7
1946 7.69 11.43
1947 6.46 18.6
1948 6.65 7
1949 6.62 50.9
1950 6.67 13.29
1951 7.73 23.33
1952 7.92 11.5
1953 8.44 20.38
1954 7.86 31.85
1955 7.7 15.86
1956 7.1 31.89
1957 7.82 31.89
1958 7.98 20.61
1959 8.04 35.55
1960 8.02 46.35
1961 8.21 17.55
1962 8.31 33.55
1963 8.33 17.97
1964 8.22 155.36
1965 7.98 163.07
1966 7.85 244.39
1967 7.85 49.73
1968 7.87 73.54
1969 7.63 45.93
1970 7.27 135.75
1971 7.03 320.26
1972 6.85 122.21
1973 6.87 136.61
1974 6.74 132.26
1975 6.8 138.56
1976 6.97 112.42
1977 6.8 152.68
1978 6.79 147.49
1979 6.8 142.04
1980 6.76 135.73
1981 6.76 94.17
1982 6.9 123.23
1983 6.78 138.04
1984 6.76 167.5
1985 6.66 162.81
1986 6.78 130.68
1987 6.74 148.61
1988 6.67 154.08
1989 6.66 120.86
1990 6.69 154.77
1991 6.64 156.18
1992 6.53 140.34
1993 6.54 232.22
1994 6.52 194.65
1995 6.44 194.19
1996 6.42 207.42
1997 6.39 198.35
1998 6.35 258.56
1999 6.33 276.78
2000 6.41 199.72
2001 6.48 206.7
2002 6.53 205.16
2003 6.55 175.88
2004 6.53 191.97
2005 6.52 176.55
2006 6.56 247.77
2007 6.55 228.94
2008 6.45 229.62
2009 6.5 238.44
2010 6.49 264.37
2011 6.52 268.01
2012 6.57 232.03
2013 6.56 260.76
2014 6.56 249.54
2015 6.56 253.65
2016 6.63 222.94
2017 6.49 244.05
2018 6.47 181.8
2019 6.46 185.92
