1910 6.7 13
1923 6.5 11
1930 8.3 18.5
1931 7.9 14
1937 7.5 90
1939 6.4 7
1940 2.8 6
1944 8.3 7
1945 8 41
1946 7.22 41
1947 6.81 71.64
1948 7.05 75.08
1949 6.91 63.2
1950 7.07 94.67
1951 6.91 379.32
1952 7.13 157.08
1953 7.12 57.79
1954 7.22 106.17
1955 7.3 291.88
1956 7.16 76.58
1957 7.32 256.35
1958 7.37 206.61
1959 7.51 643.98
1960 7.47 625.01
1961 7.46 274.02
1962 7.35 433.44
1963 7.37 383.3
1964 7.45 531.96
1965 7.3 419.28
1966 7.3 627.2
1967 7.27 242.23
1968 7.19 281.92
1969 7.28 688.88
1970 7.08 207.07
1971 7.32 341.83
1972 7.25 399.17
1973 7.18 273.15
1974 7.19 363.92
1975 7.04 660.09
1976 7.06 365.95
1977 7.02 292.03
1978 7.1 430.97
1979 7 310.82
1980 7 307.39
1981 6.92 431.54
1982 6.97 641.29
1983 6.98 380.9
1984 6.95 544.29
1985 6.96 532.78
1986 7.06 642.87
1987 6.89 919.54
1988 6.84 553.77
1989 6.82 1676.31
1990 6.76 1070.12
1991 6.78 450.72
1992 6.78 567.97
1993 6.8 1089.16
1994 6.68 1586.6
1995 6.7 712.85
1996 6.66 763.85
1997 6.65 1149.87
1998 6.65 914.86
1999 6.55 1558.86
2000 6.48 788.28
2001 6.42 1080.6
2002 6.43 949.58
2003 6.4 1133.72
2004 6.28 1404.23
2005 6.39 2104.78
2006 6.34 1021.86
2007 6.39 1176.73
2008 6.5 1339.49
2009 6.6 1305.04
2010 6.74 1512.15
2011 6.77 1964.61
2012 6.79 809.74
2013 6.77 1527.96
2014 6.83 1407.3
2015 6.87 1420.12
2016 6.97 1268.13
2017 6.98 1246.57
2018 7 959.38
2019 7.04 866.99
