1938 7.88 11.5
1946 7.7 9
1949 6.2 227
1950 6.87 97.33
1951 6.17 66.75
1952 5.5 83.5
1953 5.9 140
1954 6.22 46.4
1955 8.7 9.5
1956 6.9 354.5
1957 8.17 10.67
1958 6.9 136.14
1959 7.5 9.67
1960 7.59 19
1961 7.52 26.54
1962 7.07 18.91
1963 8.1 484.46
1964 8.11 258.79
1965 6.47 50.74
1966 7.72 16.05
1967 7.38 36.89
1968 7.16 54.86
1969 6.8 482.24
1970 6.81 73.85
1971 6.64 108.32
1972 6.29 220.91
1973 7 259.2
1974 7.03 201.42
1975 7.24 233.92
1976 7 216.5
1977 6.67 125.78
1978 7.08 76.67
1979 6.98 117.78
1980 6.94 169.12
1981 6.85 185.73
1982 7.15 307.2
1983 7.12 126.41
1984 6.98 77.73
1985 6.84 88.71
1986 6.77 95.4
1987 6.89 120
1988 6.8 218.63
1989 7.12 185.11
1990 6.87 92.29
1991 6.83 115.92
1992 6.49 111.52
1993 6.76 72.98
1994 6.63 64.95
1995 6.69 55.51
1996 6.55 60.93
1997 6.88 43.92
1998 6.88 30.77
1999 6.65 153.41
2000 6.53 71.89
2001 6.86 71.55
2002 6.53 119.82
2003 6.56 44.31
2004 6.64 60.74
2005 6.97 55.31
2006 6.92 109.65
2007 6.9 249.45
2008 6.83 99.53
2009 6.74 291.97
2010 6.72 285.83
2011 6.91 383.29
2012 6.94 225.91
2013 7.32 321.96
2014 7.17 311.08
2015 6.98 255.9
2016 6.94 161.33
2017 7.17 200
2018 6.95 83.17
2019 6.78 170.6
