1938 8.8 6
1948 8.2 5.33
1949 8.6 18
1950 7.3 67.5
1951 8.7 79
1952 6 11.25
1953 7.55 63.5
1954 6.46 20.86
1955 7.43 81
1956 7.1 27.75
1957 7.3 193.2
1958 7.63 31.11
1959 7.34 23
1960 7.39 36.62
1961 8.15 26.83
1962 8.29 42.1
1963 7.85 21.42
1964 8.4 37
1965 7.47 43.89
1966 7.68 48
1967 7.75 74.65
1968 7.87 76.7
1969 7.64 27.92
1970 7.62 32.61
1971 7.61 20.76
1972 6.76 47.82
1973 7.44 68.91
1974 7.15 34.03
1975 7.72 37.62
1976 7.35 33.67
1977 7.28 32.37
1978 7.41 49.89
1979 7.34 42.08
1980 7.29 27.65
1981 6.7 23.11
1982 7.34 40.61
1983 7.39 303.79
1984 7.09 51.34
1985 7.34 80.27
1986 7.13 129.49
1987 7.06 69.27
1988 7.05 78.93
1989 7.1 83.75
1990 6.8 93.62
1991 6.83 58.27
1992 6.97 140.48
1993 6.69 107.36
1994 6.81 104.02
1995 6.84 58.87
1996 6.82 98.47
1997 6.87 88.7
1998 6.67 125.11
1999 6.66 130.29
2000 6.55 139.28
2001 6.64 109.9
2002 6.65 99.89
2003 6.29 81.25
2004 6.25 132.83
2005 6.47 95.69
2006 6.59 118.06
2007 6.67 121.36
2008 6.53 172.01
2009 6.75 135.3
2010 6.73 146.17
2011 6.69 107.03
2012 6.85 158.67
2013 6.88 206.6
2014 6.8 155.51
2015 6.66 253.65
2016 6.47 236.96
2017 6.49 386.83
2018 6.6 347.92
2019 6.64 291.71
