1952 8.3 12
1958 7.4 24
1962 7.2 27
1969 8 6
1971 7.38 40.75
1972 7.7 320.5
1973 7.9 8
1974 6.77 8
1975 6.72 10.83
1976 7.26 28
1977 7 14.43
1978 6.51 63.27
1979 6.74 67.18
1980 6.98 110.9
1981 7.1 104.9
1982 6.84 46.31
1983 6.8 52.56
1984 6.98 73.22
1985 6.66 90.58
1986 6.73 95.42
1987 6.99 106.4
1988 7.12 115.07
1989 7 74.35
1990 6.89 86.02
1991 6.85 116.99
1992 6.88 101.31
1993 7.11 110.59
1994 7.11 118.69
1995 7.1 133.28
1996 7.37 212.7
1997 7.41 248.57
1998 7.53 306.41
1999 7.53 237.87
2000 7.25 182.04
2001 7.35 310.83
2002 7.22 291.12
2003 7.31 264.89
2004 7.41 447.28
2005 7.34 358.83
2006 7.25 367.67
2007 7.24 542.52
2008 7.21 523.15
2009 7.19 588.83
2010 7.22 633.51
2011 7.18 723.82
2012 7.15 497.46
2013 7.09 758.46
2014 7.09 388.96
2015 7.05 430.55
2016 7.34 303.38
2017 7.24 285.14
2018 7.04 306.07
2019 7.32 157.88
