1928 6.1 37
1930 7.2 5
1956 6.6 7
1958 8.1 8
1961 7.55 16
1962 8.18 9.75
1963 7.36 12.92
1964 6.73 15.7
1965 7.01 19.56
1966 7.06 24.94
1967 6.89 40.43
1968 7.34 50.82
1969 6.82 45.87
1970 6.54 41.5
1971 6.57 34.87
1972 7.14 48.79
1973 6.9 55.58
1974 7.04 31.73
1975 6.94 84.42
1976 6.65 50
1977 7 76.77
1978 6.91 39.42
1979 6.99 67.42
1980 6.78 51.57
1981 6.88 49.88
1982 6.83 89.24
1983 6.86 131.91
1984 6.74 61.95
1985 6.66 55.77
1986 6.4 43.96
1987 6.46 70.24
1988 6.39 59.07
1989 6.45 68.88
1990 6.51 74.77
1991 6.64 69.05
1992 6.67 80.69
1993 6.69 77.53
1994 6.62 87.13
1995 6.51 89.44
1996 6.55 152.97
1997 6.53 111.86
1998 6.51 175.69
1999 6.56 133.71
2000 6.49 190.61
2001 6.58 119.44
2002 6.47 119.94
2003 6.46 138.22
2004 6.62 132.84
2005 6.6 151.06
2006 6.63 177.22
2007 6.55 201.53
2008 6.55 244.95
2009 6.58 239.58
2010 6.66 217.6
2011 6.61 213.12
2012 6.61 158.52
2013 6.68 152.46
2014 6.52 168.96
2015 6.63 130.71
2016 6.67 124.66
2017 6.85 97.52
2018 6.9 84.41
2019 6.86 57.37
